0
0
0
0
0
0
0
0
0
0
0
0
0
0
0
0
0
0
0
0
0
0
0
0
0
0
0
0
0
0
0
0
0
0
0
0
0
0
0
0
0
0
0
0
0
0
0
0
0
0
39
104
175
195
218
333
350
445
447
512
606
619
728
757
788
792
797
813
825
828
862
900
910
934
963
964
986
993
1002
1014
1044
1090
1158
1314
1441
1596
1610
1650
1653
1658
1778
1921
1939
1960
2002
2037
2040
2112
2136
2330
2338
2408
2477
2479
2584
2617
2640
2650
2669
2673
2686
2810
2826
2840
2989
3014
3047
3117
3125
3150
3155
3310
3425
3439
3443
3478
3506
3522
3544
3549
3580
3598
3649
3687
3787
3844
3867
3874
3952
3956
3956
4027
4065
4170
4251
4286
4324
4343
4368
4397
4460
4504
4513
4555
4580
4600
4606
4651
4682
4685
4691
4705
4718
4753
4781
4825
4857
4905
5061
5167
5253
5317
5326
5342
5397
5504
5608
5683
5687
5693
5696
5847
5879
6010
6013
6267
6305
6414
6467
6518
6528
6818
6872
6967
7072
7308
7315
7322
7351
7403
7429
7455
7530
7605
7647
7811
7850
7894
7973
8055
8078
8191
8225
8328
8344
8387
8393
8520
8545
8572
8579
8619
8679
8700
8870
8874
8894
8958
8967
9018
9063
9153
9173
9177
9185
9264
9280
9315
9400
9447
9529
9538
9631
9644
9722
9772
9873
9893
9967
9996
